2.6655197143554687e-05
2.55584716796875e-05
2.55584716796875e-05
2.5510787963867188e-05
2.541542053222656e-05

0.00035796165466308596
0.0003086090087890625
7.071495056152344e-05
8.745193481445313e-05
6.480216979980469e-05

8.921623229980468e-05
7.529258728027344e-05
7.43865966796875e-05
7.462501525878906e-05
0.0006167888641357422

0.0001365184783935547
8.401870727539062e-05
0.0010683059692382813
9.446144104003906e-05
7.4005126953125e-05

0.0006012916564941406
6.604194641113281e-05
7.20977783203125e-05
0.0006907463073730468
4.706382751464844e-05

7.59124755859375e-05
0.0005541324615478515
9.069442749023437e-05
5.526542663574219e-05
0.0002926826477050781

0.00011963844299316407
0.00010957717895507813
0.00011267662048339844
0.00010156631469726562
0.0001041412353515625

0.0002388477325439453
0.00021491050720214843
0.00020842552185058595
0.00020818710327148439
0.00021376609802246094

0.0006912708282470703
0.0006784439086914062
0.0004470348358154297
0.00043506622314453124
0.00043597221374511717

0.001165008544921875
0.0020694732666015625
0.0009397506713867187
0.0009388923645019531
0.0017121315002441406

0.003210783004760742
0.0027185916900634766
0.002061605453491211
0.002822208404541016
0.002902650833129883

0.006598806381225586
0.0052584648132324215
0.005711078643798828
0.005727195739746093
0.005631685256958008

0.011225414276123048
0.011949586868286132
0.013077306747436523
0.01198873519897461
0.011585140228271484

0.027350664138793945
0.02475137710571289
0.02343430519104004
0.02429308891296387
0.023439645767211914

0.05470609664916992
0.05154433250427246
0.051824760437011716
0.051447820663452146
0.05026082992553711

0.09874515533447266
0.10257487297058106
0.09850521087646484
0.09706554412841797
0.09741148948669434

0.2108137607574463
0.20049076080322265
0.19925074577331542
0.2024759292602539
0.20389842987060547

0.4140458583831787
0.4075261116027832
0.4079012870788574
0.41156182289123533
0.40800137519836427

0.8637325286865234
0.8476617813110352
0.8411319732666016
0.8446877956390381
0.8623733520507812

1.8474996566772461
1.8745771408081056
1.8554515361785888
1.898988628387451
1.8097097873687744

4.000955295562744
3.9833501815795898
4.006324672698975
4.01058177947998
4.007078456878662

8.553896617889404
8.67364706993103
8.602721786499023
8.60176911354065
8.71908450126648

19.706705141067506
19.985501050949097
20.00167202949524
20.18294701576233
19.95815739631653

45.89729900360108
46.36597204208374
45.9953357219696
46.05656208992004
45.93920850753784

