2.2792816162109374e-05
2.2745132446289064e-05
2.2935867309570313e-05
2.2840499877929687e-05
0.00031523704528808595

7.524490356445313e-05
0.00012345314025878905
7.20977783203125e-05
0.00019049644470214844
7.32421875e-05

6.518363952636718e-05
0.00019664764404296874
4.191398620605469e-05
0.0014275550842285157
5.2642822265625e-05

2.6273727416992188e-05
2.74658203125e-05
0.0005046367645263672
2.5844573974609376e-05
3.123283386230469e-05

4.105567932128906e-05
7.01904296875e-05
5.440711975097656e-05
3.948211669921875e-05
3.910064697265625e-05

6.499290466308594e-05
6.566047668457031e-05
5.0020217895507815e-05
5.2881240844726565e-05
5.2309036254882814e-05

0.00010600090026855469
7.462501525878906e-05
6.690025329589844e-05
6.656646728515625e-05
6.608963012695312e-05

0.0001613616943359375
0.0006391525268554688
0.00043597221374511717
0.00028133392333984375
0.00016369819641113282

0.0003178119659423828
0.0007039070129394531
0.0005198001861572265
0.001100444793701172
0.00045037269592285156

0.0012786388397216797
0.0009631156921386719
0.001468515396118164
0.0006642818450927734
0.0005213260650634765

0.001242351531982422
0.001186704635620117
0.002197933197021484
0.0029571533203125
0.0012194156646728516

0.004025506973266602
0.0037308692932128905
0.0039013385772705077
0.0036991119384765627
0.003059720993041992

0.008219146728515625
0.007914352416992187
0.006817340850830078
0.007082366943359375
0.007203483581542968

0.017225933074951173
0.016345930099487305
0.015396976470947265
0.014839553833007812
0.014534711837768555

0.029808950424194337
0.030972623825073244
0.030361127853393555
0.03125076293945313
0.032033681869506836

0.05677318572998047
0.05474395751953125
0.056979703903198245
0.05643830299377441
0.057083654403686526

0.11147289276123047
0.10940632820129395
0.10847477912902832
0.10842056274414062
0.1102184772491455

0.21867632865905762
0.22052621841430664
0.21890897750854493
0.2210686206817627
0.21826705932617188

0.46024770736694337
0.45418486595153806
0.45147342681884767
0.45032787322998047
0.43912277221679685

1.0492942810058594
1.0429680824279786
1.0240911960601806
1.0383513927459718
1.0051056385040282

2.116221857070923
2.1537471294403074
2.1682721614837646
2.1641941547393797
2.1770361423492433

5.272971439361572
5.30903639793396
5.307827758789062
5.227761602401733
5.132894659042359

12.54876480102539
12.471136379241944
12.593428659439088
12.391493988037109
12.73648190498352

29.087981939315796
29.42743649482727
29.387148475646974
29.256444120407103
29.072158432006837

77.29557619094848
77.42100987434387
77.70896253585815
78.35409841537475
78.56096811294556

