0.0003421306610107422
2.827644348144531e-05
3.1566619873046876e-05
2.5796890258789063e-05
2.5224685668945312e-05

6.690025329589844e-05
0.00019388198852539064
6.52313232421875e-05
6.570816040039063e-05
6.208419799804687e-05

0.0004527568817138672
0.00012111663818359375
0.0014045238494873047
7.357597351074219e-05
0.000203704833984375

0.00011463165283203125
0.00010232925415039062
0.00039281845092773435
9.503364562988282e-05
0.000135040283203125

7.848739624023437e-05
7.977485656738282e-05
0.0003761768341064453
0.00012745857238769532
0.00012273788452148436

0.00017747879028320312
0.00045385360717773435
9.431838989257813e-05
0.00010190010070800781
0.0002852439880371094

0.00014543533325195312
0.00012331008911132814
0.000113677978515625
0.00011501312255859374
0.0004841804504394531

0.0002936840057373047
0.0002633571624755859
0.0002590656280517578
0.00023908615112304686
0.0010937690734863282

0.0013129234313964844
0.000605916976928711
0.00045266151428222654
0.0005173683166503906
0.0005434513092041016

0.0017172336578369141
0.0009721755981445312
0.0020175457000732424
0.0020042896270751954
0.0010369300842285156

0.0030963897705078127
0.003177785873413086
0.0019903659820556642
0.003021383285522461
0.0028542995452880858

0.004929924011230468
0.0061966896057128905
0.006648111343383789
0.0044116973876953125
0.007060098648071289

0.011253023147583007
0.012520122528076171
0.014164972305297851
0.012441158294677734
0.01145477294921875

0.025867462158203125
0.02419438362121582
0.02309441566467285
0.023149871826171876
0.022930669784545898

0.05291051864624023
0.05066723823547363
0.05113973617553711
0.05058345794677734
0.050563478469848634

0.10224084854125977
0.09833965301513672
0.09579734802246094
0.10028715133666992
0.09770412445068359

0.20384659767150878
0.20313577651977538
0.20243921279907226
0.1977926731109619
0.20353317260742188

0.42125349044799804
0.41143174171447755
0.41860179901123046
0.40904960632324217
0.40657992362976075

0.8739046096801758
0.834949541091919
0.8239479064941406
0.8485144138336181
0.8459699153900146

1.8576116561889648
1.8329155921936036
1.888491725921631
1.8675480842590333
1.8302210807800292

4.0149256706237795
4.12309832572937
3.986937427520752
3.972680950164795
4.019995260238647

8.516069698333741
8.691240501403808
8.7512291431427
8.51350908279419
8.572361278533936

19.905458974838258
19.95272903442383
19.86771092414856
19.922975873947145
20.0903000831604

45.89366340637207
46.06120810508728
46.16267056465149
45.93752827644348
45.672904300689694

