2.703666687011719e-05
2.2983551025390626e-05
2.269744873046875e-05
2.3126602172851562e-05
2.2745132446289064e-05

0.00026621818542480467
0.0001343250274658203
0.00047364234924316404
5.702972412109375e-05
0.0006640911102294922

0.00018901824951171874
0.00032372474670410155
0.002052164077758789
7.319450378417969e-05
5.3310394287109374e-05

0.0015545368194580078
3.376007080078125e-05
3.414154052734375e-05
8.206367492675781e-05
2.6988983154296876e-05

7.443428039550781e-05
4.558563232421875e-05
0.0002032756805419922
3.833770751953125e-05
4.291534423828125e-05

8.859634399414063e-05
6.327629089355468e-05
6.227493286132812e-05
6.556510925292969e-05
9.202957153320312e-05

0.00019130706787109374
0.0001227855682373047
0.0001110076904296875
8.492469787597656e-05
0.00013561248779296874

0.0003021240234375
0.00021610260009765624
0.0002802371978759766
0.00019073486328125
0.0002315998077392578

0.00048313140869140627
0.0003021240234375
0.0002915382385253906
0.00034503936767578126
0.00026092529296875

0.0019617557525634767
0.0007070064544677735
0.0009465217590332031
0.0013784408569335938
0.0009103298187255859

0.0013083457946777345
0.0012093544006347655
0.002105522155761719
0.0032145023345947266
0.0012158393859863282

0.004634475708007813
0.004679298400878907
0.003290081024169922
0.004452848434448242
0.004330587387084961

0.008108901977539062
0.007711553573608398
0.007688713073730469
0.008098125457763672
0.007922887802124023

0.017705154418945313
0.01645069122314453
0.015590238571166991
0.015429019927978516
0.014913654327392578

0.03231754302978516
0.030314016342163085
0.03036360740661621
0.030637550354003906
0.030442571640014647

0.06421341896057128
0.05854792594909668
0.057871103286743164
0.055907154083251955
0.05854411125183105

0.11849689483642578
0.10904130935668946
0.10729966163635254
0.10791387557983398
0.10938582420349122

0.23824377059936525
0.220001220703125
0.22122292518615722
0.2229762554168701
0.220314884185791

0.4765575885772705
0.4822211265563965
0.4563938617706299
0.4492306709289551
0.4526247501373291

1.0439367771148682
1.0257694244384765
1.0446202754974365
1.0426709651947021
1.028566265106201

2.143303871154785
2.1322173118591308
2.1312841892242433
2.1543185234069826
2.170977783203125

5.25801100730896
5.340155410766601
5.246472692489624
5.274321413040161
5.214299201965332

12.566190624237061
12.304508829116822
12.578445291519165
12.375846719741821
12.47612805366516

29.449073362350465
29.857687997817994
29.50148649215698
29.36658911705017
29.35587649345398

75.69105830192566
79.05723009109497
78.06854710578918
77.9397885799408
78.74637832641602

