2.727508544921875e-05
2.5177001953125e-05
2.4938583374023436e-05
2.5272369384765625e-05
2.4938583374023436e-05

7.300376892089843e-05
7.405281066894532e-05
6.198883056640625e-05
0.002906465530395508
0.00022230148315429687

0.00012617111206054689
0.00010824203491210938
7.266998291015625e-05
7.2479248046875e-05
9.19342041015625e-05

7.615089416503906e-05
7.128715515136719e-05
0.0003733634948730469
7.343292236328125e-05
6.794929504394531e-05

0.0004136085510253906
0.0007878303527832031
0.000269317626953125
6.198883056640625e-05
0.0008275985717773437

0.000119781494140625
0.0003742694854736328
9.059906005859375e-05
0.00028667449951171877
0.0004102230072021484

0.00033402442932128906
0.00030832290649414064
0.0004349231719970703
0.00013065338134765625
0.00010724067687988282

0.0007109165191650391
0.00021123886108398438
0.00020751953125
0.00021352767944335938
0.00024003982543945311

0.0005068302154541016
0.0005590915679931641
0.0004467487335205078
0.0004352569580078125
0.0004940032958984375

0.0009970664978027344
0.0016483783721923829
0.0013704776763916015
0.0011574268341064454
0.0009349822998046875

0.002212047576904297
0.003076601028442383
0.002773952484130859
0.0028207778930664064
0.0019474029541015625

0.0062347412109375
0.004957008361816406
0.006832027435302734
0.005530548095703125
0.005133438110351563

0.011914253234863281
0.011381387710571289
0.013026094436645508
0.012036943435668945
0.011393499374389649

0.02584972381591797
0.023801803588867188
0.023854827880859374
0.02391185760498047
0.023740720748901368

0.05403337478637695
0.05468263626098633
0.04939899444580078
0.04983477592468262
0.04992837905883789

0.1017228126525879
0.10107336044311524
0.0957768440246582
0.09536290168762207
0.09997553825378418

0.20804266929626464
0.20066795349121094
0.20288548469543458
0.19836068153381348
0.2047450065612793

0.41915369033813477
0.4114827156066895
0.409655237197876
0.40560216903686525
0.40768070220947267

0.8814499855041504
0.8498609066009521
0.8514476776123047
0.860624122619629
0.8376406192779541

1.8664538860321045
1.8291232585906982
1.8053751468658448
1.8879390239715577
1.8880022048950196

4.015509033203125
4.005913829803466
4.02478609085083
3.982643985748291
3.86461763381958

8.611925888061524
8.704550886154175
8.846352005004883
8.833256578445434
8.679296827316284

19.821063852310182
20.16525616645813
19.958525896072388
20.133666658401488
19.92564868927002

45.643014669418335
45.83361659049988
45.96136221885681
45.96301093101501
46.21955528259277

