2.32696533203125e-05
2.2792816162109374e-05
2.269744873046875e-05
2.2983551025390626e-05
2.2792816162109374e-05

8.063316345214843e-05
7.381439208984376e-05
0.00028591156005859376
0.00013561248779296874
7.915496826171875e-05

6.041526794433594e-05
5.345344543457031e-05
9.903907775878906e-05
8.907318115234376e-05
5.502700805664063e-05

2.6607513427734374e-05
2.5653839111328124e-05
3.24249267578125e-05
2.541542053222656e-05
7.281303405761718e-05

3.118515014648438e-05
6.566047668457031e-05
5.335807800292969e-05
5.8984756469726564e-05
5.855560302734375e-05

4.8065185546875e-05
9.465217590332031e-05
7.524490356445313e-05
7.014274597167968e-05
7.486343383789062e-05

0.00019860267639160156
0.00012879371643066407
0.00010533332824707032
9.088516235351562e-05
8.96453857421875e-05

0.00017728805541992188
0.00015535354614257813
0.00016608238220214844
0.00015201568603515626
0.0001590728759765625

0.0002529621124267578
0.00025200843811035156
0.00024714469909667967
0.0002621650695800781
0.0002927303314208984

0.0007752418518066406
0.0005544662475585937
0.0007124900817871094
0.0013995170593261719
0.0005419731140136718

0.001087188720703125
0.0034583568572998046
0.0010948657989501953
0.0013646602630615235
0.0037834644317626953

0.0034315109252929686
0.003939962387084961
0.0035039424896240235
0.004506683349609375
0.003249979019165039

0.0073169231414794925
0.007342290878295898
0.00700230598449707
0.0070248603820800785
0.007691717147827149

0.01539440155029297
0.0167874813079834
0.014616298675537109
0.014243173599243163
0.014278745651245118

0.028310775756835938
0.029870033264160156
0.030728912353515624
0.030403995513916017
0.030387735366821288

0.057939910888671876
0.061373329162597655
0.05947918891906738
0.0570622444152832
0.060306119918823245

0.11033754348754883
0.10907964706420899
0.1071324348449707
0.10844883918762208
0.10708856582641602

0.2233586311340332
0.22078537940979004
0.2159726619720459
0.22233424186706544
0.2178208827972412

0.4527613639831543
0.4531237602233887
0.45203800201416017
0.4411169052124023
0.4457386493682861

1.0352675437927246
1.0236382484436035
1.0598742485046386
1.0631088256835937
1.0436554431915284

2.131876087188721
2.167556619644165
2.1639896869659423
2.1384167194366457
2.1770952224731444

5.1801165580749515
5.20644850730896
5.143343925476074
5.218551921844482
5.201590824127197

12.407604122161866
12.050911569595337
12.69499397277832
12.34306755065918
12.709737539291382

29.20370841026306
29.262464904785155
29.3826961517334
29.177230882644654
29.123968410491944

76.9685447216034
77.66599531173706
77.64878959655762
78.84773297309876
77.66030259132386

