8.769035339355469e-05
5.979537963867188e-05
3.0612945556640626e-05
2.3889541625976563e-05
2.3174285888671876e-05

0.00016012191772460938
7.123947143554688e-05
8.349418640136718e-05
0.00012450218200683595
9.350776672363281e-05

0.000895547866821289
0.0001194000244140625
0.00016112327575683593
0.00011959075927734376
0.00010170936584472657

0.00018258094787597655
0.00013132095336914061
8.144378662109376e-05
8.792877197265625e-05
0.001106405258178711

0.0002460479736328125
0.0013309478759765624
9.932518005371094e-05
8.716583251953126e-05
0.000492715835571289

0.00022706985473632812
0.00010819435119628907
0.00012679100036621093
0.00010251998901367188
0.0003996372222900391

0.0002131938934326172
0.0001743316650390625
0.00019741058349609375
0.00014901161193847656
0.00012965202331542968

0.0003330707550048828
0.0006544589996337891
0.0002296924591064453
0.00024785995483398435
0.00023508071899414062

0.0009110450744628906
0.0007789134979248047
0.000682210922241211
0.0013547897338867187
0.0023343563079833984

0.0019181251525878906
0.0012822151184082031
0.0011245250701904298
0.0014565944671630859
0.0015672206878662109

0.0024565696716308595
0.0032262802124023438
0.003793001174926758
0.0028071880340576174
0.0031201839447021484

0.005503940582275391
0.006549930572509766
0.006050968170166015
0.005288934707641602
0.006745672225952149

0.01336369514465332
0.013792991638183594
0.013866472244262695
0.012795495986938476
0.01134028434753418

0.02856736183166504
0.025069522857666015
0.024080324172973632
0.0234372615814209
0.02342848777770996

0.05147237777709961
0.05271425247192383
0.051244068145751956
0.04859147071838379
0.05351157188415527

0.1058119297027588
0.09832477569580078
0.09711203575134278
0.09783053398132324
0.09823713302612305

0.21104879379272462
0.20473213195800782
0.20546793937683105
0.19654288291931152
0.2007734775543213

0.4222588062286377
0.41337809562683103
0.4116499900817871
0.40926313400268555
0.4135580062866211

0.9035638332366943
0.8638148307800293
0.8484930515289306
0.8520299911499023
0.8357285022735595

2.014560413360596
1.8746477603912353
1.872157096862793
1.8244859218597411
1.887176275253296

4.141480016708374
3.965877151489258
4.125413799285889
4.042230224609375
3.9923377990722657

8.66171383857727
8.605615043640137
8.654707670211792
8.568928050994874
8.664420127868652

19.831194829940795
19.897581911087038
19.931257915496825
19.85773186683655
19.90966854095459

45.68923983573914
46.02151899337768
46.01767706871033
45.897513484954835
46.339998388290404

