2.3794174194335937e-05
2.2792816162109374e-05
9.903907775878906e-05
2.288818359375e-05
2.2649765014648438e-05

7.390975952148438e-05
7.266998291015625e-05
7.238388061523438e-05
7.357597351074219e-05
7.886886596679688e-05

4.5013427734375e-05
0.00072174072265625
3.752708435058594e-05
4.510879516601562e-05
3.685951232910156e-05

3.118515014648438e-05
2.5844573974609376e-05
2.689361572265625e-05
0.00012235641479492189
3.0612945556640626e-05

5.45501708984375e-05
4.739761352539063e-05
4.887580871582031e-05
3.5762786865234375e-05
0.00012903213500976564

4.3773651123046874e-05
5.9556961059570315e-05
4.2104721069335936e-05
3.2806396484375e-05
2.8753280639648436e-05

8.268356323242188e-05
7.042884826660156e-05
7.653236389160156e-05
7.061958312988281e-05
6.427764892578126e-05

0.00017032623291015624
0.00016984939575195312
0.0005154132843017579
0.0004487037658691406
0.0005271434783935547

0.0010616302490234375
0.0006738185882568359
0.0007441520690917968
0.00026645660400390623
0.0002497196197509766

0.0011297225952148437
0.0006741523742675781
0.0006845474243164062
0.0013739585876464844
0.0006000518798828125

0.0010674953460693359
0.0031252384185791017
0.001326751708984375
0.0012643814086914062
0.002471637725830078

0.0048334598541259766
0.0029762744903564452
0.003764057159423828
0.0046176910400390625
0.002958059310913086

0.006830692291259766
0.007438564300537109
0.006858015060424804
0.007100486755371093
0.007311964035034179

0.0159146785736084
0.016188907623291015
0.015004920959472656
0.014610862731933594
0.014382743835449218

0.028776884078979492
0.030142736434936524
0.030316257476806642
0.029939699172973632
0.029463672637939455

0.056424951553344725
0.05852828025817871
0.06121816635131836
0.06097245216369629
0.05900793075561524

0.10775651931762695
0.10723857879638672
0.11274557113647461
0.10765128135681153
0.10932717323303223

0.2215951919555664
0.21932630538940429
0.22040657997131347
0.21420936584472655
0.21762051582336425

0.45618276596069335
0.4557999610900879
0.4547083854675293
0.4533851146697998
0.45349583625793455

1.0024864196777343
1.0280511856079102
1.0084095478057862
1.0071894168853759
1.0161343097686768

2.1095743656158445
2.1600843906402587
2.131477975845337
2.1591004371643066
2.185299205780029

5.209554958343506
5.267376279830932
5.325074529647827
5.293138122558593
5.272072505950928

12.517310953140258
12.44700927734375
12.787543249130248
12.313763856887817
12.658211469650269

29.052911710739135
29.371625852584838
29.050457239151
28.992041540145873
28.809390926361083

76.74228968620301
76.88919863700866
77.81838383674622
78.1550281047821
78.16151676177978

